0	255	255	255	1	255	255	255
1	242	242	242	2	242	242	242
2	229	229	229	3	229	229	229
3	215	215	215	4	215	215	215
4	202	202	202	5	202	202	202
5	188	188	188	6	188	188	188
6	175	175	175	7	175	175	175
7	162	162	162	8	162	162	162
8	148	148	148	9	148	148	148
9	135	135	135	10	135	135	135
10	121	121	121	11	121	121	121
11	108	108	108	12	108	108	108
12	94	94	94	13	94	94	94
13	81	81	81	14	81	81	81
14	68	68	68	15	68	68	68
15	54	54	54	16	54	54	54
16	41	41	41	17	41	41	41
17	27	27	27	18	27	27	27
18	0	0	0	19	0	0	0
19	17	0	0	20	17	0	0
20	34	0	0	21	34	0	0
21	51	0	0	22	51	0	0
22	68	0	0	23	68	0	0
23	85	0	0	24	85	0	0
24	102	0	0	25	102	0	0
25	119	0	0	26	119	0	0
26	136	0	0	27	136	0	0
27	153	0	0	28	153	0	0
28	170	0	0	29	170	0	0
29	187	0	0	30	187	0	0
30	204	0	0	31	204	0	0
31	221	0	0	32	221	0	0
32	238	0	0	33	238	0	0
33	255	11	0	34	255	11	0
34	255	22	0	35	255	22	0
35	255	33	0	36	255	33	0
36	255	44	0	37	255	44	0
37	255	55	0	38	255	55	0
38	255	66	0	39	255	66	0
39	255	77	0	40	255	77	0
40	255	88	0	41	255	88	0
41	255	99	0	42	255	99	0
42	255	110	0	43	255	110	0
43	255	121	0	44	255	121	0
44	255	133	0	45	255	133	0
45	255	144	0	46	255	144	0
46	255	155	0	47	255	155	0
47	255	166	0	48	255	166	0
48	255	177	0	49	255	177	0
49	255	188	0	50	255	188	0
50	255	199	0	51	255	199	0
51	255	210	0	52	255	210	0
52	255	221	0	53	255	221	0
53	255	232	0	54	255	232	0
54	255	243	0	55	255	243	0
55	240	255	0	56	240	255	0
56	224	255	0	57	224	255	0
57	208	255	0	58	208	255	0
58	192	255	0	59	192	255	0
59	176	255	0	60	176	255	0
60	160	255	0	61	160	255	0
61	144	255	0	62	144	255	0
62	128	255	0	63	128	255	0
63	112	255	0	64	112	255	0
64	96	255	0	65	96	255	0
65	80	255	0	66	80	255	0
66	64	255	0	67	64	255	0
67	48	255	0	68	48	255	0
68	32	255	0	69	32	255	0
69	16	255	0	70	16	255	0
70	0	240	7	71	0	240	7
71	0	224	14	72	0	224	14
72	0	208	21	73	0	208	21
73	0	192	28	74	0	192	28
74	0	176	35	75	0	176	35
75	0	160	43	76	0	160	43
76	0	144	50	77	0	144	50
77	0	128	57	78	0	128	57
78	0	112	64	79	0	112	64
79	0	96	71	80	0	96	71
80	0	80	79	81	0	80	79
81	0	64	86	82	0	64	86
82	0	48	93	83	0	48	93
83	0	32	100	84	0	32	100
84	0	16	107	85	0	16	107
85	0	11	121	86	0	11	121
86	0	23	127	87	0	23	127
87	0	34	134	88	0	34	134
88	0	46	140	89	0	46	140
89	0	57	146	90	0	57	146
90	0	69	153	91	0	69	153
91	0	81	159	92	0	81	159
92	0	92	165	93	0	92	165
93	0	104	172	94	0	104	172
94	0	115	178	95	0	115	178
95	0	127	185	96	0	127	185
96	0	139	191	97	0	139	191
97	0	150	197	98	0	150	197
98	0	162	204	99	0	162	204
99	0	173	210	100	0	173	210
100	0	185	216	101	0	185	216
101	0	197	223	102	0	197	223
102	0	208	229	103	0	208	229
103	0	220	235	104	0	220	235
104	0	231	242	105	0	231	242
105	0	243	248	106	0	243	248
106	250	250	250	107	250	250	250
107	248	248	248	108	248	248	248
108	247	247	247	109	247	247	247
109	245	245	245	110	245	245	245
110	243	243	243	111	243	243	243
111	242	242	242	112	242	242	242
112	240	240	240	113	240	240	240
113	238	238	238	114	238	238	238
114	237	237	237	115	237	237	237
115	235	235	235	116	235	235	235
116	233	233	233	117	233	233	233
117	232	232	232	118	232	232	232
118	230	230	230	119	230	230	230
119	228	228	228	120	228	228	228
120	226	226	226	121	226	226	226
121	225	225	225	122	225	225	225
122	223	223	223	123	223	223	223
123	221	221	221	124	221	221	221
124	220	220	220	125	220	220	220
125	218	218	218	126	218	218	218
126	216	216	216	127	216	216	216
127	215	215	215	128	215	215	215
128	213	213	213	129	213	213	213
129	211	211	211	130	211	211	211
130	210	210	210	131	210	210	210
131	208	208	208	132	208	208	208
132	206	206	206	133	206	206	206
133	205	205	205	134	205	205	205
134	203	203	203	135	203	203	203
135	201	201	201	136	201	201	201
136	200	200	200	137	200	200	200
137	198	198	198	138	198	198	198
138	196	196	196	139	196	196	196
139	195	195	195	140	195	195	195
140	193	193	193	141	193	193	193
141	191	191	191	142	191	191	191
142	190	190	190	143	190	190	190
143	188	188	188	144	188	188	188
144	186	186	186	145	186	186	186
145	185	185	185	146	185	185	185
146	183	183	183	147	183	183	183
147	181	181	181	148	181	181	181
148	180	180	180	149	180	180	180
149	178	178	178	150	178	178	178
150	176	176	176	151	176	176	176
151	174	174	174	152	174	174	174
152	173	173	173	153	173	173	173
153	171	171	171	154	171	171	171
154	169	169	169	155	169	169	169
155	168	168	168	156	168	168	168
156	166	166	166	157	166	166	166
157	164	164	164	158	164	164	164
158	163	163	163	159	163	163	163
159	161	161	161	160	161	161	161
160	159	159	159	161	159	159	159
161	158	158	158	162	158	158	158
162	156	156	156	163	156	156	156
163	154	154	154	164	154	154	154
164	153	153	153	165	153	153	153
165	151	151	151	166	151	151	151
166	149	149	149	167	149	149	149
167	148	148	148	168	148	148	148
168	146	146	146	169	146	146	146
169	144	144	144	170	144	144	144
170	143	143	143	171	143	143	143
171	141	141	141	172	141	141	141
172	139	139	139	173	139	139	139
173	138	138	138	174	138	138	138
174	136	136	136	175	136	136	136
175	134	134	134	176	134	134	134
176	133	133	133	177	133	133	133
177	131	131	131	178	131	131	131
178	129	129	129	179	129	129	129
179	128	128	128	180	128	128	128
180	126	126	126	181	126	126	126
181	124	124	124	182	124	124	124
182	122	122	122	183	122	122	122
183	121	121	121	184	121	121	121
184	119	119	119	185	119	119	119
185	117	117	117	186	117	117	117
186	116	116	116	187	116	116	116
187	114	114	114	188	114	114	114
188	112	112	112	189	112	112	112
189	111	111	111	190	111	111	111
190	109	109	109	191	109	109	109
191	107	107	107	192	107	107	107
192	106	106	106	193	106	106	106
193	104	104	104	194	104	104	104
194	102	102	102	195	102	102	102
195	101	101	101	196	101	101	101
196	99	99	99	197	99	99	99
197	97	97	97	198	97	97	97
198	96	96	96	199	96	96	96
199	94	94	94	200	94	94	94
200	92	92	92	201	92	92	92
201	91	91	91	202	91	91	91
202	89	89	89	203	89	89	89
203	87	87	87	204	87	87	87
204	86	86	86	205	86	86	86
205	84	84	84	206	84	84	84
206	82	82	82	207	82	82	82
207	81	81	81	208	81	81	81
208	79	79	79	209	79	79	79
209	77	77	77	210	77	77	77
210	75	75	75	211	75	75	75
211	74	74	74	212	74	74	74
212	72	72	72	213	72	72	72
213	70	70	70	214	70	70	70
214	69	69	69	215	69	69	69
215	67	67	67	216	67	67	67
216	65	65	65	217	65	65	65
217	64	64	64	218	64	64	64
218	62	62	62	219	62	62	62
219	60	60	60	220	60	60	60
220	59	59	59	221	59	59	59
221	57	57	57	222	57	57	57
222	55	55	55	223	55	55	55
223	54	54	54	224	54	54	54
224	52	52	52	225	52	52	52
225	50	50	50	226	50	50	50
226	49	49	49	227	49	49	49
227	47	47	47	228	47	47	47
228	45	45	45	229	45	45	45
229	44	44	44	230	44	44	44
230	42	42	42	231	42	42	42
231	40	40	40	232	40	40	40
232	39	39	39	233	39	39	39
233	37	37	37	234	37	37	37
234	35	35	35	235	35	35	35
235	34	34	34	236	34	34	34
236	32	32	32	237	32	32	32
237	30	30	30	238	30	30	30
238	29	29	29	239	29	29	29
239	27	27	27	240	27	27	27
240	25	25	25	241	25	25	25
241	23	23	23	242	23	23	23
242	22	22	22	243	22	22	22
243	20	20	20	244	20	20	20
244	18	18	18	245	18	18	18
245	17	17	17	246	17	17	17
246	15	15	15	247	15	15	15
247	13	13	13	248	13	13	13
248	12	12	12	249	12	12	12
249	10	10	10	250	10	10	10
250	8	8	8	251	8	8	8
251	7	7	7	252	7	7	7
252	5	5	5	253	5	5	5
253	3	3	3	254	3	3	3
254	2	2	2	255	2	2	2
255	0	0	0	256	0	0	0
